{
    "camera_angle_x": 0.6911112070083618,
    "frames": [
        {
            "file_path": "./train/r_000",
            "rotation": 0.031415926535897934,
            "time": 0.0,
            "transform_matrix": [
                [
                    -0.6830222606658936,
                    -0.19119371473789215,
                    0.7049293518066406,
                    2.841661214828491
                ],
                [
                    0.7303974032402039,
                    -0.17879247665405273,
                    0.6592060923576355,
                    2.6573448181152344
                ],
                [
                    0.0,
                    0.9651312232017517,
                    0.26176661252975464,
                    1.0552150011062622
                ],
                [
                    0.0,
                    0.0,
                    0.0,
                    1.0
                ]
            ]
        },
        {
            "file_path": "./train/r_001",
            "rotation": 0.031415926535897934,
            "time": 0.005,
            "transform_matrix": [
                [
                    0.743248701095581,
                    -0.554600179195404,
                    0.37416574358940125,
                    1.508310317993164
                ],
                [
                    0.6690152883529663,
                    0.616138219833374,
                    -0.4156828820705414,
                    -1.6756713390350342
                ],
                [
                    0.0,
                    0.5592783093452454,
                    0.8289799094200134,
                    3.3417248725891113
                ],
                [
                    0.0,
                    0.0,
                    0.0,
                    1.0
                ]
            ]
        },
        {
            "file_path": "./train/r_002",
            "rotation": 0.031415926535897934,
            "time": 0.01,
            "transform_matrix": [
                [
                    0.15691812336444855,
                    0.7579852342605591,
                    -0.6331154108047485,
                    -2.5521700382232666
                ],
                [
                    -0.987611711025238,
                    0.12043359130620956,
                    -0.10059347003698349,
                    -0.4055052697658539
                ],
                [
                    0.0,
                    0.641057014465332,
                    0.7674931287765503,
                    3.0938639640808105
                ],
                [
                    0.0,
                    0.0,
                    0.0,
                    1.0
                ]
            ]
        },
        {
            "file_path": "./train/r_003",
            "rotation": 0.031415926535897934,
            "time": 0.015,
            "transform_matrix": [
                [
                    -0.6520553231239319,
                    0.5630165934562683,
                    -0.5077757239341736,
                    -2.0469093322753906
                ],
                [
                    -0.7581713795661926,
                    -0.48421502113342285,
                    0.4367057979106903,
                    1.7604173421859741
                ],
                [
                    -1.4901160305669237e-08,
                    0.6697373390197754,
                    0.7425980567932129,
                    2.9935085773468018
                ],
                [
                    0.0,
                    0.0,
                    0.0,
                    1.0
                ]
            ]
        },
        {
            "file_path": "./train/r_004",
            "rotation": 0.031415926535897934,
            "time": 0.02,
            "transform_matrix": [
                [
                    0.018319102004170418,
                    0.8985821008682251,
                    -0.43842288851737976,
                    -1.7673393487930298
                ],
                [
                    -0.9998321533203125,
                    0.016463981941342354,
                    -0.008032862097024918,
                    -0.03238150477409363
                ],
                [
                    4.6566125955216364e-10,
                    0.438496470451355,
                    0.8987328410148621,
                    3.622908115386963
                ],
                [
                    0.0,
                    0.0,
                    0.0,
                    1.0
                ]
            ]
        },
        {
            "file_path": "./train/r_005",
            "rotation": 0.031415926535897934,
            "time": 0.025,
            "transform_matrix": [
                [
                    0.8744190335273743,
                    -0.404575377702713,
                    0.267787367105484,
                    1.0794854164123535
                ],
                [
                    0.4851714074611664,
                    0.7291617393493652,
                    -0.48263019323349,
                    -1.9455444812774658
                ],
                [
                    -1.4901160305669237e-08,
                    0.5519437789916992,
                    0.8338813185691833,
                    3.361483097076416
                ],
                [
                    0.0,
                    0.0,
                    0.0,
                    1.0
                ]
            ]
        },
        {
            "file_path": "./train/r_006",
            "rotation": 0.031415926535897934,
            "time": 0.03,
            "transform_matrix": [
                [
                    0.2951684296131134,
                    0.8447059392929077,
                    -0.4464833736419678,
                    -1.7998321056365967
                ],
                [
                    -0.9554452300071716,
                    0.26095741987228394,
                    -0.1379333734512329,
                    -0.5560272336006165
                ],
                [
                    7.450580152834618e-09,
                    0.4673041105270386,
                    0.8840967416763306,
                    3.5639078617095947
                ],
                [
                    0.0,
                    0.0,
                    0.0,
                    1.0
                ]
            ]
        },
        {
            "file_path": "./train/r_007",
            "rotation": 0.031415926535897934,
            "time": 0.035,
            "transform_matrix": [
                [
                    0.8446346521377563,
                    -0.5072520971298218,
                    0.1711358278989792,
                    0.6898705959320068
                ],
                [
                    0.5353429913520813,
                    0.8003143668174744,
                    -0.2700086534023285,
                    -1.088439702987671
                ],
                [
                    0.0,
                    0.31967511773109436,
                    0.9475272297859192,
                    3.8196043968200684
                ],
                [
                    0.0,
                    0.0,
                    0.0,
                    1.0
                ]
            ]
        },
        {
            "file_path": "./train/r_008",
            "rotation": 0.031415926535897934,
            "time": 0.04,
            "transform_matrix": [
                [
                    -0.6578290462493896,
                    -0.24747860431671143,
                    0.7113474607467651,
                    2.8675334453582764
                ],
                [
                    0.7531672716140747,
                    -0.21615201234817505,
                    0.6213029623031616,
                    2.5045523643493652
                ],
                [
                    -1.4901161193847656e-08,
                    0.9444747567176819,
                    0.32858383655548096,
                    1.3245638608932495
                ],
                [
                    0.0,
                    0.0,
                    0.0,
                    1.0
                ]
            ]
        },
        {
            "file_path": "./train/r_009",
            "rotation": 0.031415926535897934,
            "time": 0.045,
            "transform_matrix": [
                [
                    0.6947154998779297,
                    0.719235897064209,
                    -0.00837854016572237,
                    -0.0337749719619751
                ],
                [
                    -0.71928471326828,
                    0.6946683526039124,
                    -0.008092347532510757,
                    -0.032621294260025024
                ],
                [
                    -4.656612873077393e-10,
                    0.011646216735243797,
                    0.9999322295188904,
                    4.030855178833008
                ],
                [
                    0.0,
                    0.0,
                    0.0,
                    1.0
                ]
            ]
        },
        {
            "file_path": "./train/r_010",
            "rotation": 0.031415926535897934,
            "time": 0.05,
            "transform_matrix": [
                [
                    0.5980998277664185,
                    -0.7902130484580994,
                    0.1335660219192505,
                    0.5384218692779541
                ],
                [
                    0.8014215230941772,
                    0.5897349715232849,
                    -0.09968015551567078,
                    -0.4018235504627228
                ],
                [
                    7.450580152834618e-09,
                    0.1666613072156906,
                    0.986014187335968,
                    3.974750280380249
                ],
                [
                    0.0,
                    0.0,
                    0.0,
                    1.0
                ]
            ]
        },
        {
            "file_path": "./train/r_011",
            "rotation": 0.031415926535897934,
            "time": 0.055,
            "transform_matrix": [
                [
                    -0.04960361495614052,
                    -0.8405538201332092,
                    0.5394523739814758,
                    2.1746020317077637
                ],
                [
                    0.9987689852714539,
                    -0.04174589738249779,
                    0.02679176814854145,
                    0.10800106823444366
                ],
                [
                    0.0,
                    0.5401172637939453,
                    0.8415897488594055,
                    3.39255690574646
                ],
                [
                    0.0,
                    0.0,
                    0.0,
                    1.0
                ]
            ]
        },
        {
            "file_path": "./train/r_012",
            "rotation": 0.031415926535897934,
            "time": 0.06,
            "transform_matrix": [
                [
                    0.36090120673179626,
                    -0.7503163814544678,
                    0.5538731813430786,
                    2.232734441757202
                ],
                [
                    0.9326039552688599,
                    0.29035913944244385,
                    -0.21433910727500916,
                    -0.8640286326408386
                ],
                [
                    0.0,
                    0.5938997268676758,
                    0.8045390248298645,
                    3.2432007789611816
                ],
                [
                    0.0,
                    0.0,
                    0.0,
                    1.0
                ]
            ]
        },
        {
            "file_path": "./train/r_013",
            "rotation": 0.031415926535897934,
            "time": 0.065,
            "transform_matrix": [
                [
                    0.7662346959114075,
                    -0.1476317048072815,
                    0.6253712177276611,
                    2.520951986312866
                ],
                [
                    0.6425606608390808,
                    0.1760464757680893,
                    -0.7457367777824402,
                    -3.0061612129211426
                ],
                [
                    -7.450580152834618e-09,
                    0.9732484817504883,
                    0.229755237698555,
                    0.9261729717254639
                ],
                [
                    0.0,
                    0.0,
                    0.0,
                    1.0
                ]
            ]
        },
        {
            "file_path": "./train/r_014",
            "rotation": 0.031415926535897934,
            "time": 0.07,
            "transform_matrix": [
                [
                    -0.992456316947937,
                    0.11434329301118851,
                    -0.04422851651906967,
                    -0.17829085886478424
                ],
                [
                    -0.12259916961193085,
                    -0.9256239533424377,
                    0.3580356538295746,
                    1.4432878494262695
                ],
                [
                    0.0,
                    0.3607570230960846,
                    0.9326598048210144,
                    3.759671926498413
                ],
                [
                    0.0,
                    0.0,
                    0.0,
                    1.0
                ]
            ]
        },
        {
            "file_path": "./train/r_015",
            "rotation": 0.031415926535897934,
            "time": 0.075,
            "transform_matrix": [
                [
                    -0.22982077300548553,
                    -0.9428628087043762,
                    0.24123045802116394,
                    0.9724310636520386
                ],
                [
                    0.9732329249382019,
                    -0.22264912724494934,
                    0.05696454644203186,
                    0.2296314388513565
                ],
                [
                    -3.725290076417309e-09,
                    0.24786494672298431,
                    0.9687945246696472,
                    3.9053356647491455
                ],
                [
                    0.0,
                    0.0,
                    0.0,
                    1.0
                ]
            ]
        },
        {
            "file_path": "./train/r_016",
            "rotation": 0.031415926535897934,
            "time": 0.08,
            "transform_matrix": [
                [
                    -0.04380541667342186,
                    -0.3803487718105316,
                    0.9238051772117615,
                    3.7239773273468018
                ],
                [
                    0.9990400671958923,
                    -0.01667734608054161,
                    0.04050655663013458,
                    0.16328713297843933
                ],
                [
                    0.0,
                    0.9246927499771118,
                    0.3807142674922943,
                    1.5347081422805786
                ],
                [
                    0.0,
                    0.0,
                    0.0,
                    1.0
                ]
            ]
        },
        {
            "file_path": "./train/r_017",
            "rotation": 0.031415926535897934,
            "time": 0.085,
            "transform_matrix": [
                [
                    -0.7514525055885315,
                    -0.3725103437900543,
                    0.5445688366889954,
                    2.1952273845672607
                ],
                [
                    0.6597872376441956,
                    -0.42426371574401855,
                    0.6202265620231628,
                    2.500213384628296
                ],
                [
                    -1.4901161193847656e-08,
                    0.8253703713417053,
                    0.5645915269851685,
                    2.2759413719177246
                ],
                [
                    0.0,
                    0.0,
                    0.0,
                    1.0
                ]
            ]
        },
        {
            "file_path": "./train/r_018",
            "rotation": 0.031415926535897934,
            "time": 0.09,
            "transform_matrix": [
                [
                    0.9936286807060242,
                    -0.1126081570982933,
                    0.004629197530448437,
                    0.01866089180111885
                ],
                [
                    0.11270325630903244,
                    0.9927902817726135,
                    -0.04081251472234726,
                    -0.1645205020904541
                ],
                [
                    0.0,
                    0.04107321798801422,
                    0.99915611743927,
                    4.027727127075195
                ],
                [
                    0.0,
                    0.0,
                    0.0,
                    1.0
                ]
            ]
        },
        {
            "file_path": "./train/r_019",
            "rotation": 0.031415926535897934,
            "time": 0.095,
            "transform_matrix": [
                [
                    0.9999929070472717,
                    0.0013159940717741847,
                    -0.003514039097353816,
                    -0.014165543019771576
                ],
                [
                    -0.0037523736245930195,
                    0.3507072627544403,
                    -0.9364776611328125,
                    -3.775061845779419
                ],
                [
                    0.0,
                    0.9364842176437378,
                    0.3507097363471985,
                    1.413756012916565
                ],
                [
                    0.0,
                    0.0,
                    0.0,
                    1.0
                ]
            ]
        },
        {
            "file_path": "./train/r_020",
            "rotation": 0.031415926535897934,
            "time": 0.1,
            "transform_matrix": [
                [
                    -0.8372268080711365,
                    0.21687789261341095,
                    -0.5020111799240112,
                    -2.023671865463257
                ],
                [
                    -0.5468557476997375,
                    -0.3320363461971283,
                    0.7685704827308655,
                    3.0982067584991455
                ],
                [
                    0.0,
                    0.9179955124855042,
                    0.3965906500816345,
                    1.5987080335617065
                ],
                [
                    0.0,
                    0.0,
                    0.0,
                    1.0
                ]
            ]
        },
        {
            "file_path": "./train/r_021",
            "rotation": 0.031415926535897934,
            "time": 0.105,
            "transform_matrix": [
                [
                    0.9344635009765625,
                    0.2411990761756897,
                    -0.2619177997112274,
                    -1.0558243989944458
                ],
                [
                    -0.35605886578559875,
                    0.6330181360244751,
                    -0.6873936653137207,
                    -2.770972490310669
                ],
                [
                    0.0,
                    0.7356024384498596,
                    0.6774134635925293,
                    2.730741024017334
                ],
                [
                    0.0,
                    0.0,
                    0.0,
                    1.0
                ]
            ]
        },
        {
            "file_path": "./train/r_022",
            "rotation": 0.031415926535897934,
            "time": 0.11,
            "transform_matrix": [
                [
                    -0.9358721971511841,
                    -0.19090577960014343,
                    0.29613903164863586,
                    1.1937745809555054
                ],
                [
                    0.35233983397483826,
                    -0.5070769786834717,
                    0.7865936756134033,
                    3.170860528945923
                ],
                [
                    1.4901162970204496e-08,
                    0.8404926657676697,
                    0.5418228507041931,
                    2.1841578483581543
                ],
                [
                    0.0,
                    0.0,
                    0.0,
                    1.0
                ]
            ]
        },
        {
            "file_path": "./train/r_023",
            "rotation": 0.031415926535897934,
            "time": 0.115,
            "transform_matrix": [
                [
                    -0.9845609664916992,
                    -0.17339926958084106,
                    0.023924745619297028,
                    0.09644373506307602
                ],
                [
                    0.17504198849201202,
                    -0.9753211140632629,
                    0.13456982374191284,
                    0.5424683094024658
                ],
                [
                    0.0,
                    0.13667985796928406,
                    0.9906152486801147,
                    3.993297815322876
                ],
                [
                    0.0,
                    0.0,
                    0.0,
                    1.0
                ]
            ]
        },
        {
            "file_path": "./train/r_024",
            "rotation": 0.031415926535897934,
            "time": 0.12,
            "transform_matrix": [
                [
                    0.8274577260017395,
                    0.44626206159591675,
                    -0.3408282995223999,
                    -1.3739228248596191
                ],
                [
                    -0.5615280270576477,
                    0.6576038599014282,
                    -0.5022385120391846,
                    -2.024588108062744
                ],
                [
                    1.4901161193847656e-08,
                    0.6069657206535339,
                    0.7947279214859009,
                    3.203650712966919
                ],
                [
                    0.0,
                    0.0,
                    0.0,
                    1.0
                ]
            ]
        },
        {
            "file_path": "./train/r_025",
            "rotation": 0.031415926535897934,
            "time": 0.125,
            "transform_matrix": [
                [
                    -0.5209957957267761,
                    0.2661744952201843,
                    -0.8109959959983826,
                    -3.2692294120788574
                ],
                [
                    -0.8535591959953308,
                    -0.16246768832206726,
                    0.49501606822013855,
                    1.9954736232757568
                ],
                [
                    1.4901160305669237e-08,
                    0.9501344561576843,
                    0.31184065341949463,
                    1.2570698261260986
                ],
                [
                    0.0,
                    0.0,
                    0.0,
                    1.0
                ]
            ]
        },
        {
            "file_path": "./train/r_026",
            "rotation": 0.031415926535897934,
            "time": 0.13,
            "transform_matrix": [
                [
                    0.9995741844177246,
                    0.019412977620959282,
                    -0.021785983815789223,
                    -0.08782210946083069
                ],
                [
                    -0.02918035164475441,
                    0.6649923920631409,
                    -0.7462798357009888,
                    -3.008350133895874
                ],
                [
                    0.0,
                    0.7465977072715759,
                    0.6652757525444031,
                    2.681812286376953
                ],
                [
                    0.0,
                    0.0,
                    0.0,
                    1.0
                ]
            ]
        },
        {
            "file_path": "./train/r_027",
            "rotation": 0.031415926535897934,
            "time": 0.135,
            "transform_matrix": [
                [
                    0.6780659556388855,
                    -0.6794395446777344,
                    0.2803361415863037,
                    1.1300711631774902
                ],
                [
                    0.7350009679794312,
                    0.6268084049224854,
                    -0.25862061977386475,
                    -1.042533040046692
                ],
                [
                    1.4901160305669237e-08,
                    0.38140925765037537,
                    0.9244063496589661,
                    3.7264010906219482
                ],
                [
                    0.0,
                    0.0,
                    0.0,
                    1.0
                ]
            ]
        },
        {
            "file_path": "./train/r_028",
            "rotation": 0.031415926535897934,
            "time": 0.14,
            "transform_matrix": [
                [
                    -0.5627293586730957,
                    -0.8151498436927795,
                    0.13735473155975342,
                    0.5536946058273315
                ],
                [
                    0.8266411423683167,
                    -0.5549067258834839,
                    0.09350313991308212,
                    0.37692320346832275
                ],
                [
                    0.0,
                    0.1661597341299057,
                    0.9860988259315491,
                    3.9750914573669434
                ],
                [
                    0.0,
                    0.0,
                    0.0,
                    1.0
                ]
            ]
        },
        {
            "file_path": "./train/r_029",
            "rotation": 0.031415926535897934,
            "time": 0.145,
            "transform_matrix": [
                [
                    0.7929922938346863,
                    0.3168981075286865,
                    -0.5203258395195007,
                    -2.0975005626678467
                ],
                [
                    -0.6092318296432495,
                    0.4124829173088074,
                    -0.6772698760032654,
                    -2.7301621437072754
                ],
                [
                    -1.4901162970204496e-08,
                    0.8540686964988708,
                    0.5201601386070251,
                    2.096832513809204
                ],
                [
                    0.0,
                    0.0,
                    0.0,
                    1.0
                ]
            ]
        },
        {
            "file_path": "./train/r_030",
            "rotation": 0.031415926535897934,
            "time": 0.15,
            "transform_matrix": [
                [
                    -0.9096453785896301,
                    -0.4068652391433716,
                    0.083702452480793,
                    0.3374153673648834
                ],
                [
                    0.415385901927948,
                    -0.8909862041473389,
                    0.18329834938049316,
                    0.738899290561676
                ],
                [
                    7.450580596923828e-09,
                    0.20150543749332428,
                    0.979487419128418,
                    3.9484400749206543
                ],
                [
                    0.0,
                    0.0,
                    0.0,
                    1.0
                ]
            ]
        },
        {
            "file_path": "./train/r_031",
            "rotation": 0.031415926535897934,
            "time": 0.155,
            "transform_matrix": [
                [
                    0.6681527495384216,
                    0.4315705895423889,
                    -0.6060682535171509,
                    -2.4431393146514893
                ],
                [
                    -0.7440241575241089,
                    0.3875614404678345,
                    -0.5442647933959961,
                    -2.1940016746520996
                ],
                [
                    1.4901162970204496e-08,
                    0.8145813345909119,
                    0.5800491571426392,
                    2.3382530212402344
                ],
                [
                    0.0,
                    0.0,
                    0.0,
                    1.0
                ]
            ]
        },
        {
            "file_path": "./train/r_032",
            "rotation": 0.031415926535897934,
            "time": 0.16,
            "transform_matrix": [
                [
                    0.9746516346931458,
                    -0.22129808366298676,
                    0.03288419172167778,
                    0.13256041705608368
                ],
                [
                    0.2237280160188675,
                    0.9640658497810364,
                    -0.14325712621212006,
                    -0.5774879455566406
                ],
                [
                    0.0,
                    0.1469830870628357,
                    0.9891390204429626,
                    3.987346887588501
                ],
                [
                    0.0,
                    0.0,
                    0.0,
                    1.0
                ]
            ]
        },
        {
            "file_path": "./train/r_033",
            "rotation": 0.031415926535897934,
            "time": 0.165,
            "transform_matrix": [
                [
                    0.4667031466960907,
                    -0.8579952716827393,
                    0.21455135941505432,
                    0.8648841381072998
                ],
                [
                    0.88441401720047,
                    0.45276203751564026,
                    -0.11321824043989182,
                    -0.45639729499816895
                ],
                [
                    7.450580152834618e-09,
                    0.2425915002822876,
                    0.9701285362243652,
                    3.910712957382202
                ],
                [
                    0.0,
                    0.0,
                    0.0,
                    1.0
                ]
            ]
        },
        {
            "file_path": "./train/r_034",
            "rotation": 0.031415926535897934,
            "time": 0.17,
            "transform_matrix": [
                [
                    0.9484718441963196,
                    -0.2738558351993561,
                    0.15938624739646912,
                    0.6425065994262695
                ],
                [
                    0.3168611526489258,
                    0.8197425007820129,
                    -0.4770965874195099,
                    -1.9232380390167236
                ],
                [
                    0.0,
                    0.5030161738395691,
                    0.8642769455909729,
                    3.4840121269226074
                ],
                [
                    0.0,
                    0.0,
                    0.0,
                    1.0
                ]
            ]
        },
        {
            "file_path": "./train/r_035",
            "rotation": 0.031415926535897934,
            "time": 0.175,
            "transform_matrix": [
                [
                    0.5413973331451416,
                    -0.2684628963470459,
                    0.7967537045478821,
                    3.2118170261383057
                ],
                [
                    0.8407668471336365,
                    0.17287208139896393,
                    -0.5130558609962463,
                    -2.0681943893432617
                ],
                [
                    0.0,
                    0.947651207447052,
                    0.31930720806121826,
                    1.2871685028076172
                ],
                [
                    0.0,
                    0.0,
                    0.0,
                    1.0
                ]
            ]
        },
        {
            "file_path": "./train/r_036",
            "rotation": 0.031415926535897934,
            "time": 0.18,
            "transform_matrix": [
                [
                    0.3158982992172241,
                    0.9228504300117493,
                    -0.22035278379917145,
                    -0.8882704973220825
                ],
                [
                    -0.9487931132316589,
                    0.30726075172424316,
                    -0.07336591184139252,
                    -0.29574745893478394
                ],
                [
                    0.0,
                    0.23224537074565887,
                    0.9726572036743164,
                    3.9209065437316895
                ],
                [
                    0.0,
                    0.0,
                    0.0,
                    1.0
                ]
            ]
        },
        {
            "file_path": "./train/r_037",
            "rotation": 0.031415926535897934,
            "time": 0.185,
            "transform_matrix": [
                [
                    -0.4034149944782257,
                    0.6806775331497192,
                    -0.6115017533302307,
                    -2.4650425910949707
                ],
                [
                    -0.9150170683860779,
                    -0.3000987768173218,
                    0.26960039138793945,
                    1.0867940187454224
                ],
                [
                    0.0,
                    0.6682955026626587,
                    0.7438958287239075,
                    2.9987401962280273
                ],
                [
                    0.0,
                    0.0,
                    0.0,
                    1.0
                ]
            ]
        },
        {
            "file_path": "./train/r_038",
            "rotation": 0.031415926535897934,
            "time": 0.19,
            "transform_matrix": [
                [
                    0.9366899132728577,
                    0.17756445705890656,
                    -0.3017992377281189,
                    -1.2165915966033936
                ],
                [
                    -0.3501598536968231,
                    0.47499117255210876,
                    -0.8073235750198364,
                    -3.254425525665283
                ],
                [
                    0.0,
                    0.8618898987770081,
                    0.5070953965187073,
                    2.0441670417785645
                ],
                [
                    0.0,
                    0.0,
                    0.0,
                    1.0
                ]
            ]
        },
        {
            "file_path": "./train/r_039",
            "rotation": 0.031415926535897934,
            "time": 0.195,
            "transform_matrix": [
                [
                    -0.17632964253425598,
                    0.8517264723777771,
                    -0.493426650762558,
                    -1.989066481590271
                ],
                [
                    -0.9843311905860901,
                    -0.1525752991437912,
                    0.08839073032140732,
                    0.35631442070007324
                ],
                [
                    7.450580596923828e-09,
                    0.501281201839447,
                    0.8652844429016113,
                    3.4880731105804443
                ],
                [
                    0.0,
                    0.0,
                    0.0,
                    1.0
                ]
            ]
        },
        {
            "file_path": "./train/r_040",
            "rotation": 0.031415926535897934,
            "time": 0.2,
            "transform_matrix": [
                [
                    0.6337674260139465,
                    0.7718984484672546,
                    -0.050115905702114105,
                    -0.20202365517616272
                ],
                [
                    -0.7735236287117004,
                    0.6324359178543091,
                    -0.04106123372912407,
                    -0.16552311182022095
                ],
                [
                    -3.725290076417309e-09,
                    0.06478863209486008,
                    0.997899055480957,
                    4.0226593017578125
                ],
                [
                    0.0,
                    0.0,
                    0.0,
                    1.0
                ]
            ]
        },
        {
            "file_path": "./train/r_041",
            "rotation": 0.031415926535897934,
            "time": 0.205,
            "transform_matrix": [
                [
                    -0.8143542408943176,
                    0.5427095890045166,
                    -0.2056538462638855,
                    -0.829017162322998
                ],
                [
                    -0.580368161201477,
                    -0.7615129351615906,
                    0.2885669767856598,
                    1.1632506847381592
                ],
                [
                    0.0,
                    0.35435065627098083,
                    0.9351125955581665,
                    3.769559383392334
                ],
                [
                    0.0,
                    0.0,
                    0.0,
                    1.0
                ]
            ]
        },
        {
            "file_path": "./train/r_042",
            "rotation": 0.031415926535897934,
            "time": 0.21,
            "transform_matrix": [
                [
                    -0.5366460084915161,
                    -0.3341898024082184,
                    0.7748084664344788,
                    3.1233527660369873
                ],
                [
                    0.8438073396682739,
                    -0.21253858506679535,
                    0.4927639663219452,
                    1.9863951206207275
                ],
                [
                    0.0,
                    0.9182290434837341,
                    0.396049827337265,
                    1.5965279340744019
                ],
                [
                    0.0,
                    0.0,
                    0.0,
                    1.0
                ]
            ]
        },
        {
            "file_path": "./train/r_043",
            "rotation": 0.031415926535897934,
            "time": 0.215,
            "transform_matrix": [
                [
                    0.1013348400592804,
                    -0.9236376285552979,
                    0.36962804198265076,
                    1.4900182485580444
                ],
                [
                    0.9948523640632629,
                    0.09408096969127655,
                    -0.037650007754564285,
                    -0.15177203714847565
                ],
                [
                    0.0,
                    0.37154054641723633,
                    0.9284167289733887,
                    3.742567539215088
                ],
                [
                    0.0,
                    0.0,
                    0.0,
                    1.0
                ]
            ]
        },
        {
            "file_path": "./train/r_044",
            "rotation": 0.031415926535897934,
